     37.5000      0.0000       0.0000      0.0000      0.0000       0.0000
     38.0000     12.0530      10.0000      0.2558      0.0000       0.0000
     38.5000     34.0909      20.0000      0.5116      0.0000       0.0000
     39.0000     62.6291   16674.0000   6511.3450      0.0000       0.0000
     39.5000     96.4238   33328.0000  13022.1784 954228.0000 1886213.8000
     40.0000    134.7563   46724.0000  33046.0648 984792.0000 2371273.1200
     40.5000    177.1418   63278.0000  64376.60921014628.0000 2621180.2200
     41.0000    223.2241   79832.0000  95707.15361050868.0000 2871087.3200
     41.5000    298.5675   87822.0000 140225.09141084180.0000 3921151.4800
     42.0000    333.8086   95812.0000 184743.02921113176.0000 4471729.4800
     42.5000    365.6690  116612.0000 236345.62621121460.0000 5033060.9600
     43.0000    394.9676  137412.0000 287948.22321129744.0000 5594392.4400
     43.5000    422.2381  302426.0000 464829.17961140372.0000 6163861.3200
     44.0000    447.8512  467440.0000 641710.13601151000.0000 6733330.2000
     44.5000    472.0766  522106.0000 906134.16001160754.0000 7313942.2000
     45.0000    495.1181  576772.00001170558.18401170508.0000 7894554.2000
     45.5000    517.1340  630446.00001485816.56501178114.0000 8483688.2200
     46.0000    538.2501  684120.00001801074.94601185720.0000 9072822.2400
     46.5000    558.5686  714292.00002151242.75501193532.0000 9667604.8400
     47.0000    679.8703  731832.00002513268.89101204060.0000 10266867.4400
     47.5000    908.0996  743744.00002882150.15301219980.0000 10872541.4000
     48.0000   1219.4357  751064.00003258419.89551232496.0000 11490263.1800
     48.5000   1602.7237  758384.00003634689.63801245012.0000 12107984.9600
     49.0000   2050.1050  763376.00004015100.07701251532.0000 12732149.2400
     49.5000   2555.5753  768368.00004395510.51601258052.0000 13356313.5200
